0.634249263457
0.824550636649
0.66673617069
0.761743221897
0.356016450352
0.447480281051
0.599790310679
0.51007301439
0.770445982524
0.60220909735
0.631678953248
0.0360981613479
0.37170050948
0.624989825469
0.380732779312
0.596977702012
0.652587736252
0.464211850681
0.00925880239632
0.494121271945
0.560044405285
0.414307632254
0.55663436846
0.670107479911
0.501965148759
0.727198421229
0.208727088819
0.566323040741
0.511893109906
0.564092001108
0.43156686944
0.444241951411
0.561590955778
0.405794167901
0.699927715112
0.531559214441
1.0
0.578519518557
0.633208973744
0.481619733659
0.525079708899
0.523872470952
0.535755160429
0.41088394654
0.848444355553
0.39019283727
0.37400417678
0.615558214321
0.681741961628
0.446568436378
0.416750164877
0.787260968127
0.446628399144
0.513756417366
0.666141270798
0.313960261438
0.655694713437
0.724431800332
0.503774936273
0.706993320495
0.0157278798853
0.836522130931
0.694123076052
0.604227118901
0.50213438174
0.479261483339
0.477687583913
0.640124468576
0.496758251041
0.613518022111
0.62595482543
0.572623563228
0.713048800763
0.604220259382
0.525016305262
0.418007187145
0.554343842873
0.651469606915
0.724156555191
0.448661268393
0.458939542205
0.589903306771
0.412130417497
0.571846520287
0.574773246841
0.141218334638
0.6407014776
1.0
0.772939431066
0.186076061289
0.563240671358
0.66692727951
0.636906324782
0.644946875987
0.583311482882
0.283780387069
0.671579724206
0.74582932516
0.669124901345
0.746612059226
0.731837677694
0.814664130493
0.509933857853
0.403202385164
0.390573402506
0.459435129162
0.550736358581
0.373497884507
0.755601165485
0.576326166838
0.552072436885
0.579949581228
0.498116537547
0.389225669453
0.45027194623
0.451630054151
0.564503949935
0.493941042464
0.0777146801943
0.384800721808
0.039834665973
0.703300303195
0.359095054518
0.384263223858
0.391002428064
0.569848454669
0.616647527769
0.420619173358
0.673074693188
0.504339545364
0.675277779217
0.00525165037348
0.137104359874
0.750389438881
0.598315663012
0.6790003717
0.523693477765
0.787763355568
0.629857609575
0.555418521011
0.606079055183
0.62834536453
0.728164323215
0.426108904739
0.343379724238
0.529298646589
0.712441930184
0.655468358033
0.779998008189
0.700773640896
0.700790925124
0.465297627832
0.649719666502
0.431802953934
0.596396188524
0.590501778916
