0.636296120349
0.588149869542
0.96898238833
0.594994042708
0.63840965443
0.918269429926
0.953672946576
0.652873882567
0.522586734534
0.645604746407
0.957937457653
0.00789916222034
0.81978952689
0.916258426686
0.238942343085
0.921844252617
0.681501014039
0.915034859207
0.00295701213292
0.992713322098
0.916357148675
0.932737880295
0.963890412353
0.609168939025
0.939455756207
0.692246161707
0.914429228548
0.614056472956
0.851170151021
0.917810891715
0.916882508262
0.848273216658
0.803618145166
0.744343996328
0.516541412705
0.958979110881
0.0
0.792337166561
0.554455075614
0.869086202896
0.898044930579
0.897558402112
0.630857127833
0.836768695015
0.482712724972
0.567351191208
0.734727366795
0.955486321798
0.619787749971
0.831907961385
0.921059437916
0.551593442957
0.884383678495
0.877971764077
0.92019535999
0.795683551985
0.980843383481
0.575703575464
0.812319284486
0.595493134285
0.471177176235
0.469123615453
0.560351062614
0.886094248001
0.768097917896
0.770849782738
0.882761982107
0.679532714893
0.924070188426
0.942163034449
0.970381412795
0.920989514888
0.528256698127
0.926608794001
0.811419613056
0.795370446365
0.915014238193
0.766695760028
0.932387266208
0.923619707318
0.848462825775
0.862147749678
0.905533172462
0.538079990298
0.901595569581
0.342252452177
0.989977479144
0.0
0.619184365171
0.665483592867
0.403152631997
0.996594343898
0.944840311869
0.509376294378
0.59072059362
0.182813684687
0.9544126438
1.0
0.868204581294
0.659796156062
0.397724109104
0.372058744795
0.990066146261
0.910096059666
0.892638619306
0.929047789998
0.949526175607
0.93509748826
0.481819755493
0.896589510831
0.984259131303
0.908467745422
0.796729967032
0.806603778603
0.967375686219
0.951900394168
0.925151660169
0.859561129756
0.0587361637658
0.909217727567
0.00414217392749
0.611930443622
0.503754433573
0.868468271834
0.890411948666
0.930742347316
0.530840511354
0.948302804983
0.935135907644
0.531059920263
0.962657496079
0.000379407596611
0.880429325242
0.560039803757
0.706579363437
0.81838989768
0.906320125567
0.574503197945
0.382870789221
0.611785434895
0.870476367777
0.974804042114
0.517268010188
0.892723226945
0.883592017918
0.84183259702
0.614931947707
0.998736502751
0.470260513933
0.534220628001
0.831410343454
0.884186174438
0.556184513133
0.898862181032
0.87751905522
0.985390628552
