0.0715634862444
0.925063680329
0.284991974758
0.166981030357
0.141152593392
0.247617709644
0.184074561911
0.371180891304
1.0
0.105434724877
0.0800196769205
0.0555160897446
0.407508740761
0.149056254969
0.330749421707
-0.011295070985
-0.236035438029
0.152571759346
0.063422539794
0.281285026057
0.272367075289
0.110551666624
0.357277119782
0.0465331074049
0.211428960634
0.156142181891
0.424904013657
0.228205281886
0.0235338455306
0.436499461363
0.083876293167
0.657728574998
0.212358593168
0.406412818371
0.198237540379
-0.0730777404918
0.0630050700147
0.0308518018625
0.104030111083
0.333653376253
0.338582406707
0.179095748614
0.346361608564
0.429625969891
0.221704243471
-0.0478724236791
-0.14889472131
0.113474068855
0.513954092162
0.39652660273
-0.0671602056178
0.613930505453
0.927291898154
0.293862165797
0.573951612469
-0.0821762482683
0.741241182874
0.12560111066
0.0725193884023
0.207723184671
0.0905245750114
0.0124165551073
0.293254413369
0.263540893586
-0.10163287394
-0.112489061243
0.364504129465
0.450217849029
0.103481529144
0.275367851291
0.0153384179239
0.334712358267
0.348479665305
0.238730878056
0.274985379505
0.504807887414
-0.0174552751631
0.144733918937
0.254731903664
0.00756590118467
-0.101558055772
0.880378976417
0.0670686536932
0.462662830848
0.308095749719
0.722957761623
0.270954076409
0.453025354822
0.191453152661
0.664117581936
0.304659786734
-0.236955223968
0.10106057111
0.0807053552737
0.230862396873
0.0423231533522
0.154149015322
0.811000082258
0.361282468719
0.159978464411
0.167406985438
0.149616212061
-0.0424048401203
0.0508743858082
0.208172181947
0.289307345758
0.0748072060959
0.0837542681281
-0.0539215907957
0.185810731985
-0.491729111866
0.246158428649
0.232077712299
0.423167629838
0.233893178306
0.014279760433
0.37820961183
-0.190178574903
0.0478624530083
-0.0693152818242
0.554578363824
0.148333697018
0.16234938171
0.316637502355
0.523781251312
0.401900632257
0.610710899407
-0.00694228340579
0.542705455779
0.0583518885966
0.0576914779032
0.233188742653
0.187923447796
0.142869870647
0.96334730199
0.733817038369
0.546736133464
0.19420556388
0.359084636987
-0.0104709566291
0.331358438689
0.24298185633
